Infertility,Leukopenia,Multiple Myeloma,Neutropenia,Obesity,Hypertension,Autism Spectrum Disorder,Dementia,Diabetes Mellitus,Hepatitis,Hyperglycemia,Hyperinsulinism,Schizophrenia,Adenocarcinoma,Cleft Lip,Adenoma,Agranulocytosis,Astrocytoma,Atherosclerosis,Carcinoma,Coronary Artery Disease,Endometriosis,Glomerulonephritis,Hypersensitivity,Myocardial Infarction,Nephritis,Neuroblastoma,Osteoporosis,Osteosarcoma,Pericarditis,Polycystic Ovary Syndrome,Pre-Eclampsia,Prostatitis,Sarcoma,Tuberculosis,Uremia,Vasculitis,Arthritis,Hypoglycemia,Urticaria,Intellectual Disability,Blindness,Melanoma,Alopecia,Arteriosclerosis,Leukemia,Lymphoma,Medulloblastoma,Panic Disorder,Rhabdomyosarcoma,Germinoma,Osteoarthritis,Bipolar Disorder,Pheochromocytoma,Syndrome,Aortic Aneurysm,Heroin Dependence,Polycythemia,Fibrosarcoma,Glaucoma,Hepatoblastoma,Hyperhomocysteinemia,Meningioma,Psoriasis,Retinal Degeneration,Retinoblastoma,Choriocarcinoma,Hepatitis C,Lymphadenitis,Retinitis Pigmentosa,Teratoma,Adrenocortical Carcinoma,Burkitt Lymphoma,Leiomyosarcoma,Hepatitis B,Insulinoma,Intracranial Aneurysm,Malaria,Multiple Sclerosis,Myopia,Narcolepsy,Periodontitis,Polycythemia Vera,Amyloidosis,Down Syndrome,Acquired Immunodeficiency Syndrome,Herpes Zoster,Hypotrichosis,Seasonal Affective Disorder,Pseudohypoparathyroidism,Agnosia,Blepharophimosis,Multiple System Atrophy,Prader-Willi Syndrome,Seminoma
Leukopenia,0.9999999999999976,0.8586791966049206,0.9371666651569306,0.801153515331619,0.7925025626338639,0.8072577474092231,0.8516543902624627,0.7973927200603149,0.8429502074450889,0.7916999778626385,0.802975743575134,0.8711232907904124,0.8009498370813524,0.8326433452287759,0.8315124678433486,0.9086652227427745,0.7925617867208068,0.7873659394005766,0.8115968572446876,0.7937620406123003,0.7955087224690865,0.8565296788144979,0.8420899274766014,0.8187487223498269,0.9216681054104694,0.8086216962331976,0.7944460115645391,0.817508503544084,0.8304238252866624,0.8243770153688352,0.7924568325010936,0.7954232764141945,0.8211450555652132,0.7019687891890031,0.8866341227119533,0.8443795713645843,0.8684168428648459,0.9123832552518342,0.9283338373278528,0.8416940822656773,0.8373312340439805,0.8441117549426406,0.8280786712108226,0.839791822566943,0.8525747768944554,0.8883866102270807,0.7704169392017087,0.8842684085735554,0.8431713984360104,0.3508232077228116,0.8204836824663065,0.8756946880828256,0.8101914936669343,0.8196309363334661,0.6034091183455585,0.4803844614152613,0.5910513085525231,0.7878305167210283,0.7713901315435252,0.7374118413588323,0.7266918595431092,0.6756231274259074,0.8361286450726988,0.7185685224287722,0.4361695799101822,0.5409657734587321,0.7221075716046442,0.741030626785665,0.4750168687962833,0.7429946336556041,0.7510676161988107,0.8006659856604267,0.7646014547562557,0.5547001962252291,0.30382181012510007,0.7545451304950168,0.5460375914550679,0.7019687891890031,0.6679474875720747,0.6407032156159433,0.7125253031944244,0.3121472367904247,0.5817744738827395,0.2773500981126145,0.3723417423834345,0.3651483716701108,0.392232270276368,0.20254787341673336,0.33588764910385266,0.2148344622118299,0.1754116038614059,0.1432229748078866,0.1432229748078866,0.20254787341673333
Multiple Myeloma,0.8586791966049206,0.9999999999999963,0.8513556816263602,0.8350737401023073,0.8372647581270823,0.8386008107638366,0.8148748113431217,0.8501515148612677,0.8438434769538906,0.8604320914577994,0.876205481553876,0.78140899424224,0.8685413185160792,0.8217377584649972,0.9162840530575275,0.8157554501229971,0.7694861565103676,0.853256123830646,0.8953132475079784,0.8349867213266876,0.8295209649961568,0.8083129862447621,0.8578584433284424,0.8472535411014694,0.8618225271706068,0.8332159541745945,0.8300346943359009,0.8149905253460571,0.8130392757116769,0.833991864593707,0.8251367405264176,0.7981975646409962,0.8222264517930409,0.6784379175110878,0.8536460571587648,0.8239654378137211,0.8253739376291013,0.8532526522344309,0.8622707658683212,0.825604892343562,0.852527280590157,0.921680206097158,0.8126330607096935,0.8088108866118261,0.8533231353260301,0.8897877631238781,0.7607343458224628,0.8198045718583005,0.8013070976332487,0.3356725433186756,0.8263686767584093,0.8180454979360626,0.7388649142450499,0.748315194193323,0.5610868813251297,0.4289959891251273,0.5655261442407595,0.7538072380341531,0.7443317364987967,0.6990329274915852,0.7568406798195458,0.6464456413247306,0.8000195615761743,0.6875363948641204,0.4280339936694649,0.535149489886538,0.7474526379707204,0.7219198762894647,0.4545027722171248,0.759935752164512,0.7186319815334052,0.7721684605417377,0.7315813472236942,0.5218991442270375,0.29070094986690553,0.7620681666406545,0.5310212501163368,0.671653538335977,0.6391014819458268,0.6205098038891557,0.6610949414067268,0.2986668343393224,0.5566499393061834,0.2653724462171376,0.36898541264091195,0.34937906019040504,0.37529331252040066,0.19380063324460367,0.3213819923028136,0.13703774196550633,0.16783627165933784,0.13703774196550633,0.13703774196550633,0.19380063324460367
Neutropenia,0.9371666651569306,0.8513556816263602,0.9999999999999949,0.7949508101389313,0.7755003135295656,0.8098446638089472,0.8689043524918637,0.7905919060284303,0.8554278208924176,0.7907282997489116,0.8151293544191999,0.8664086557487989,0.8040386423363208,0.8602274863235996,0.8393019909945463,0.904107321110109,0.813700476884449,0.7815693847008259,0.808736084303185,0.8054013660505358,0.7971637117039332,0.8673282530662887,0.8492928422073515,0.8086070437132318,0.9086152824293018,0.8301887258107741,0.8109473993206655,0.8393125562401619,0.8426587150642354,0.8517551156874125,0.8040210442955928,0.8016997811230937,0.823440376745061,0.7134115325941737,0.8932140640957377,0.8611592499592481,0.8856348315966891,0.8890880294753086,0.9029309219242659,0.8641431969160247,0.8651746522317058,0.8411363712326279,0.8610641912375271,0.8451732895199021,0.8695554489657736,0.890745847594649,0.8036204364037827,0.8965753603510154,0.8773580220588506,0.36018013511259855,0.8091157548016862,0.8724515131782635,0.8318003918560595,0.8414915971702303,0.6020520675524301,0.48223702942904795,0.5897220501395091,0.8022670580501459,0.8053872662568307,0.7710996009560586,0.7592785544700408,0.7013500494702274,0.8524263197664854,0.7174291149957052,0.470767056644389,0.5742209763929992,0.7413671529732149,0.7677112288962878,0.4876862083736195,0.7628113010968598,0.7710996009560586,0.8285448005307166,0.7849944052133226,0.550511637536449,0.3119251469460218,0.7808180387752376,0.5422207837941835,0.7061318230779066,0.68576254656424,0.6497697840010499,0.7093617576343574,0.3204726239520354,0.5882413161516672,0.2847473987257496,0.3959251908590269,0.37488737047350723,0.40269363312841483,0.2079500979640145,0.34484622503214224,0.14704292441876154,0.18009006755629928,0.14704292441876154,0.14704292441876154,0.20795009796401448
Obesity,0.801153515331619,0.8350737401023073,0.7949508101389313,1.0,0.8825978271096107,0.9541570028562328,0.8129779724578401,0.9544271444636612,0.8547698581587155,0.9200389574431014,0.9212884029599878,0.7792930693014481,0.9165204048517722,0.8181110244922297,0.8521035454260599,0.7734696943631095,0.7527543243633246,0.9225749227067539,0.8541666666666649,0.931792852606233,0.9229512710173611,0.7424289279703821,0.8516734336351008,0.9242875269267873,0.8226814771430243,0.9228864759788378,0.9045619616586124,0.905751353307681,0.9143835634657741,0.8157245773062762,0.9275959907383687,0.9016362705933854,0.9208333333333313,0.6312190586476307,0.7738232325341354,0.7711079493249934,0.7377125261521782,0.8142915680344579,0.796002945757847,0.8039031321630982,0.7776391273332093,0.8190495084888126,0.7690461660358938,0.7859826888694054,0.7832604499879591,0.820695007936952,0.6939095161954963,0.7621714576670724,0.7557794199669432,0.3061862178478973,0.7820450499985735,0.791409724538585,0.7071067811865485,0.7098845460370934,0.5192169754598102,0.40062884596871273,0.5231143743471867,0.6708203932499389,0.6618314236520744,0.64954638892356,0.6959705453537542,0.5700048799675425,0.7399500264657506,0.6444022325288261,0.40019526483955314,0.4881406047441663,0.6817945071647334,0.664384113295914,0.4145780987944247,0.6875909030811874,0.643587247740775,0.6766093384297874,0.6556100681071865,0.48412291827592746,0.26516504294495524,0.7055791959434837,0.4921875,0.6188422143604222,0.5561583774471056,0.5728219618694799,0.6093041755008968,0.272431183971292,0.5077524002897469,0.24206145913796345,0.33657280044590626,0.3186887195995492,0.34232659844072905,0.17677669529663687,0.2931509849889643,0.12499999999999999,0.15309310892394865,0.125,0.125,0.17677669529663687
Hypertension,0.7925025626338639,0.8372647581270823,0.7755003135295656,0.8825978271096107,1.0000000000000044,0.8910856966994989,0.7711697221785279,0.8911987099543917,0.8275082493807263,0.9246728986706381,0.9040986669718732,0.7449765835499993,0.90970501059451,0.7839870574766962,0.8685499526722645,0.7358860232418203,0.6942086071175105,0.924349123268959,0.8569004209869664,0.8854756434923465,0.8665047979001965,0.7035741690082701,0.7973951775196595,0.9204495579637366,0.7839870574766962,0.8588110151559553,0.9003581145046218,0.8431864889509937,0.8549251487509179,0.7776391253169618,0.8779637971341478,0.8354150190998397,0.8530578182022714,0.5821257870028499,0.7404003317411249,0.7336390377727329,0.7129555721365323,0.7924492613762808,0.760311179518624,0.7797265045686926,0.7690007322791353,0.8232889853424207,0.7647757158233559,0.7470873676376298,0.7268567468830249,0.7903177861989266,0.6597835888771371,0.7515211594866412,0.719926004673904,0.28237248320100694,0.7603235930663774,0.7840755616911933,0.6521113167513776,0.6597089864810495,0.48567519873995735,0.38665444666985005,0.4958297853898394,0.6444240777830849,0.6314040674128675,0.6045233700886911,0.641841205354069,0.5498414147691583,0.7059312080025152,0.5942836351629318,0.36906994538260324,0.4501753073070196,0.6287677132370127,0.6127114185259049,0.38233414965623386,0.6392686851608201,0.6045233700886911,0.6495590121759565,0.6154165593549138,0.4464700977364081,0.24454174378176677,0.6892626904732362,0.46111233416338826,0.5821257870028499,0.5376211908495602,0.5282705437953739,0.5735012244843509,0.2512427582797957,0.4682617889493375,0.22323504886820392,0.3103957392590404,0.293902598732179,0.3157020337064346,0.16302782918784445,0.27035106990111524,0.1729171253112705,0.14118624160050353,0.115278083540847,0.115278083540847,0.16302782918784448
Autism Spectrum Disorder,0.8072577474092231,0.8386008107638366,0.8098446638089472,0.9541570028562328,0.8910856966994989,0.9999999999999978,0.842684215419309,0.9631875589195172,0.8765861383970285,0.9172758090656801,0.9414108366875694,0.7982814390565806,0.9205967400940508,0.8431866200931863,0.8530089452146588,0.7870861581296064,0.7653425531807062,0.9273745626708249,0.854581124358439,0.960352864702778,0.9469554171724001,0.749353411629216,0.8554991145151275,0.9446123072269389,0.8384760803161294,0.9468695497690223,0.9322873305480479,0.9291098137213842,0.933724164187085,0.8454502124079498,0.9644135714603617,0.9249091861099268,0.9318799195265396,0.6505663029413854,0.7875721133816426,0.7846828360058282,0.7551161616928682,0.8346133541384274,0.8106342378665439,0.8333049901082087,0.7966460768707506,0.8262881788362433,0.7973927007677025,0.8051037553668134,0.7921315822201808,0.8318301941725245,0.7151782607678785,0.7855324718557244,0.7789445143505315,0.31557100982293024,0.7914486619700225,0.7970230941475576,0.7287800298788444,0.7316429348949428,0.5274865557594103,0.41290836137290227,0.546636313642052,0.6798584182604982,0.6821169553692491,0.6633135844788702,0.7173024617110717,0.5874758728190443,0.7626299404054148,0.6522936642371788,0.4124614907210138,0.5031024082580213,0.7026919194141628,0.6847478864880074,0.42728516719853965,0.7029044663371252,0.6571717920299918,0.6916318563795653,0.6696718319629178,0.490645550991915,0.27329251120456616,0.7272056232281021,0.515325301120665,0.6378101009229268,0.5732049666574203,0.5903792999778382,0.6215056977433305,0.28078136382933055,0.5233153171481084,0.24948078863995712,0.3468889594776241,0.32845672078279325,0.3528191148461628,0.18219500746971076,0.30213623922651495,0.12883132528016616,0.15778550491146512,0.12883132528016616,0.12883132528016616,0.1821950074697108
Dementia,0.8516543902624627,0.8148748113431217,0.8689043524918637,0.8129779724578401,0.7711697221785279,0.842684215419309,0.9999999999999984,0.8323862618124425,0.8698858849493156,0.7994178826333905,0.8194047758083626,0.8815810766160915,0.7944000767247041,0.9022938501950121,0.8436766503519745,0.8791112902690876,0.8589355607171096,0.7991886979124821,0.8424000324134533,0.82870637726214,0.8108683346381841,0.8464131044074702,0.8637674839351334,0.8082558920164141,0.8696808194650719,0.8194465811080445,0.7961638248538638,0.8332928855435731,0.8469076908765762,0.85566524595134,0.8225335712258867,0.8155441565456688,0.82753414948851,0.7138917464371094,0.8340085045103934,0.8532103661176211,0.7992205425335087,0.8560557342528204,0.8395998587297051,0.862650384266619,0.802256424274623,0.8349184527721416,0.8484880680952215,0.8773997423146045,0.8558235739705686,0.8627875999169851,0.7996571804857604,0.8665224916118967,0.8751729470515266,0.34896584919478274,0.8236101941352308,0.822878015785048,0.8409413299642204,0.8442448441291196,0.5998469443981184,0.4764561216420823,0.6048433257533533,0.7313047448459861,0.7395994635493632,0.7583123825395481,0.7676225253808729,0.6233471861880551,0.8860698083902284,0.732155765394275,0.47594047633771874,0.5710143801472369,0.7495142893861108,0.7691555461942864,0.49304555839388103,0.751249419705422,0.7583123825395481,0.7519062649549807,0.7727362138395746,0.5565613976180889,0.315352998736582,0.8142616660583466,0.5667617865134635,0.7506902900678882,0.6056401781599893,0.6569103256962197,0.7096867885972511,0.3239944068816739,0.6038550190053082,0.2878765849748735,0.4002761477719326,0.37900713560535887,0.40711897076111664,0.21023533249105467,0.3486358577742209,0.14865882924943327,0.18206913871032138,0.14865882924943327,0.14865882924943327,0.2102353324910547
Diabetes Mellitus,0.7973927200603149,0.8501515148612677,0.7905919060284303,0.9544271444636612,0.8911987099543917,0.9631875589195172,0.8323862618124425,1.0000000000000038,0.8528857807735619,0.9175355088433627,0.9379228369755707,0.7885261059505349,0.9330687497017199,0.8235765768699209,0.8674888038915836,0.7774676360394646,0.7663457709704132,0.9237719669414026,0.865347277647053,0.9568657940329361,0.9438482324324087,0.7506212952522922,0.8538471049546048,0.9370224308445239,0.8235765768699209,0.9352984077957257,0.9208943893933654,0.9221052562469879,0.9223136643243159,0.8211220584375034,0.948486173185068,0.9092969447733231,0.920491957104953,0.6426161105878405,0.787795091357015,0.7800622327706681,0.7510323837552041,0.8106737960019184,0.8103752730712835,0.8043074453109289,0.7916798845054401,0.8338379557987753,0.7829317719577275,0.8001740942245374,0.7924189367325312,0.8308970709224476,0.7119147505746518,0.7808130178231519,0.7643634767730659,0.31171460007967866,0.7865730051186012,0.7872831385426666,0.7086260012987097,0.7115834606125351,0.5285917602615144,0.40786244847753844,0.5251628689786951,0.6829324718693651,0.6737812008454133,0.6612743521887996,0.7085367255816569,0.5802966719122946,0.7637007701952103,0.6443223628060478,0.4074210387719414,0.49695428638159045,0.6941047302231992,0.6763799808853823,0.42206356372217463,0.7000057836660992,0.6552076150127556,0.6888259400479921,0.6674475148641826,0.49286405809014355,0.2699527623995085,0.7289606273050188,0.4931206913062281,0.6426161105878405,0.5662001621934802,0.5831646179767073,0.620305540621984,0.2773500981126145,0.5169201850699905,0.24643202904507205,0.3426498312893079,0.3244428422615252,0.3485075176786612,0.17996850826633898,0.2984440079997103,0.12725695259515554,0.15585730003983933,0.12725695259515554,0.12725695259515554,0.17996850826633898
Hepatitis,0.8429502074450889,0.8438434769538906,0.8554278208924176,0.8547698581587155,0.8275082493807263,0.8765861383970285,0.8698858849493156,0.8528857807735619,1.000000000000003,0.8544359759574134,0.8486684247915038,0.8328675641193,0.8371213775625367,0.9005978296566834,0.8743904777865658,0.8367177355366634,0.8028837221403248,0.8597096744486363,0.8663935942066443,0.846809798439942,0.8508965329965886,0.8026800745087818,0.8801193876129744,0.866716577779394,0.8657680793384692,0.8501405307110543,0.8632938504397922,0.8279159320758255,0.8440722199302083,0.878070365464234,0.8548195222198122,0.8156768638237653,0.8391770415090534,0.687184270936278,0.8161060304918136,0.8394760055333947,0.7756155753317266,0.8766929232481472,0.8407872256349811,0.8952979330871306,0.8363864171948743,0.8397721336572402,0.8523621085085644,0.8346715445620427,0.8420471478649224,0.8589058727506859,0.7437208571136756,0.8140915784106971,0.8173753347642171,0.3333333333333334,0.8770268732277441,0.836961270962141,0.7698003589195004,0.7728244062569576,0.5491017941930435,0.4361494439392993,0.561585147486895,0.6876960999787077,0.6956655929999362,0.7006490497453713,0.7515664644844343,0.5991446895152778,0.7944444444444426,0.6952725759026177,0.42505114204222544,0.5314201797141382,0.7422438453270781,0.7232898092384169,0.45133546692422044,0.7424683557292242,0.7006490497453713,0.7124481634021819,0.7137378387084157,0.509478067471573,0.2886751345948129,0.7965868656654053,0.5273207085158234,0.6669729688499167,0.5835841460432114,0.6236095644623245,0.6633263680552939,0.2965855070008697,0.5527707983925667,0.2635231383473649,0.3664140543964698,0.3469443332443554,0.37267799624996495,0.19245008972987526,0.31914236925211265,0.13608276348795434,0.16666666666666669,0.13608276348795434,0.13608276348795434,0.19245008972987523
Hyperglycemia,0.7916999778626385,0.8604320914577994,0.7907282997489116,0.9200389574431014,0.9246728986706381,0.9172758090656801,0.7994178826333905,0.9175355088433627,0.8544359759574134,1.0000000000000067,0.9500217900863538,0.7628752671525232,0.9408291703379597,0.8128511801446646,0.8975562319388528,0.7529849498784277,0.7236579827440545,0.952611845087425,0.8652121461015947,0.9074601402804774,0.8872762777157026,0.728498558332413,0.8312218830153889,0.9296288230720315,0.795276019492888,0.8912285301394419,0.915567699827291,0.874848461137002,0.8871414879778189,0.8062221637022128,0.9034749046107157,0.8749239975319556,0.8812345932516241,0.600871220432107,0.7625103235747124,0.7553775397858533,0.7383427044873688,0.804441385233058,0.7834547865370535,0.8039205780129652,0.7836089047921128,0.8332176166996708,0.792764919079968,0.7509663707139408,0.7482787939416875,0.8107673651002563,0.6929438259160084,0.760360589983295,0.7504663510735113,0.29435114961212294,0.7744616051259399,0.799947075195695,0.6797748618593418,0.687694836192357,0.499147592922182,0.38514327067866255,0.509878988664247,0.671761518625575,0.6581891797879184,0.6301681627608618,0.6690690768544675,0.5731665164641665,0.7162544640561641,0.6194940428432528,0.3847264488350298,0.46927242247781326,0.6554409874936425,0.6387035605561857,0.3985533406496049,0.6663874264765703,0.6244393612812177,0.6717826761354958,0.6358960587868073,0.4654100323316476,0.25491557319725244,0.7134777615810703,0.48067341450088813,0.600871220432107,0.5604278922240318,0.550680576625801,0.5857526370153283,0.26190085483200093,0.48812615993658803,0.23270501616582415,0.32356319443691955,0.30637039002566246,0.32909458989395896,0.16994371546483492,0.281819769837888,0.12016835362522192,0.14717557480606144,0.12016835362522194,0.12016835362522194,0.16994371546483494
Hyperinsulinism,0.802975743575134,0.876205481553876,0.8151293544191999,0.9212884029599878,0.9040986669718732,0.9414108366875694,0.8194047758083626,0.9379228369755707,0.8486684247915038,0.9500217900863538,0.9999999999999969,0.7854535846887057,0.9550798310120778,0.8015454895930322,0.887604610898764,0.7697160203425387,0.7330731168723622,0.9298681185930329,0.8693182879212253,0.9105758211137958,0.9218668344494969,0.7431373466671616,0.8366191769856057,0.9120229533844841,0.8245784059606479,0.9259731658395218,0.9117127603799687,0.9086053679031478,0.9131178846590844,0.8221730932859763,0.9144260531753508,0.8959644488359934,0.898715524710832,0.6237343238042666,0.784815135603614,0.7575277146628913,0.769008183618109,0.8252631687162629,0.8070711258779314,0.8102581965293131,0.7743433562157647,0.8560992833228964,0.7751256769747256,0.7776157913597371,0.7647819432890609,0.8226127456606207,0.6939733852078446,0.7923537487250153,0.7567425139830314,0.308606699924184,0.7739822484550406,0.8022241168251472,0.7126966450997972,0.7154963689074797,0.5233215213522999,0.4037959217036243,0.5199268172771008,0.6930264888773825,0.6900655593423549,0.6486749731408012,0.7014723744122005,0.600925212577331,0.7509429698155166,0.6320991755806253,0.40335891300231913,0.4919994838040916,0.6871842709362775,0.6696362433535817,0.4178554470186722,0.6873921271791924,0.6426687233894975,0.6987275738599369,0.65489290099943,0.4879500364742662,0.2672612419124243,0.7164248134064811,0.4882041109702523,0.6299716670423093,0.5875696513930033,0.5704770516992727,0.6141208842547151,0.274584823682638,0.5117663157191582,0.24397501823713316,0.3392334963994049,0.3212080372198105,0.3450327796711772,0.17817416127494953,0.29546842014263935,0.1259881576697424,0.1543033499620919,0.1259881576697424,0.1259881576697424,0.17817416127494956
Schizophrenia,0.8711232907904124,0.78140899424224,0.8664086557487989,0.7792930693014481,0.7449765835499993,0.7982814390565806,0.8815810766160915,0.7885261059505349,0.8328675641193,0.7628752671525232,0.7854535846887057,1.0000000000000042,0.7653182696892469,0.8506434768752396,0.7786506844866986,0.8575227256510356,0.7919512423622199,0.762037330918993,0.7754916396951,0.7885122642101002,0.7788313948494554,0.8221626539614852,0.7993691679923184,0.774766643389114,0.8339641930149407,0.7975402161437591,0.7658901459009241,0.8107643798201234,0.8303871549554935,0.8362030270916542,0.7918463689932412,0.7929931256059607,0.8008345037374237,0.7000995703216101,0.8177744038534924,0.8430306582930033,0.7929046108223303,0.8646799342998138,0.8357383407389654,0.8542696780149875,0.8091989147784612,0.8012884244596121,0.8340709010201751,0.8387998517536525,0.8337026499385067,0.8218383749695286,0.7852199230489443,0.8513445173660502,0.86493693389299,0.35694324176541553,0.8023219063495024,0.8746965007734615,0.8601653289127537,0.8635443617263004,0.6135595027152136,0.48734795399126657,0.6098319575126303,0.7344220329914901,0.7495663486194276,0.7683984340444294,0.7715153112173779,0.6296270002437475,0.86287148878944,0.7208969191103229,0.4749468497425375,0.574333359576055,0.7527091982468194,0.7509776736804926,0.4928548853289816,0.7684230530373924,0.7539003503832138,0.7556020206068312,0.7619181170689815,0.5594691951723709,0.3046418873232665,0.7629396323792067,0.5417037189046652,0.7000995703216101,0.6113340496904645,0.6719273583481933,0.7182691352081277,0.33140094990113667,0.589583784004007,0.2944574711433532,0.3953083435320025,0.38767127484640956,0.41642574923301434,0.1881611656996646,0.35660570670953007,0.20274291233858813,0.18623125657326028,0.1520571842539411,0.1520571842539411,0.2150413322281881
Adenocarcinoma,0.8009498370813524,0.8685413185160792,0.8040386423363208,0.9165204048517722,0.90970501059451,0.9205967400940508,0.7944000767247041,0.9330687497017199,0.8371213775625367,0.9408291703379597,0.9550798310120778,0.7653182696892469,0.9999999999999983,0.7997274121108879,0.8876879032192196,0.7835779236684868,0.7332121390916106,0.9323144722218618,0.8823450677217067,0.9223529088965948,0.9299902950852493,0.7533880011953704,0.8252360727400453,0.9111969111969097,0.817903035113408,0.9258294085668437,0.907231344979114,0.9089856028864375,0.9090724813857124,0.8383231686192393,0.9141186206187929,0.9006076766500385,0.9154847885751044,0.6214002245569394,0.7789451847001678,0.7617769829599628,0.7484980460597112,0.8006164228459802,0.8008006467058039,0.8038270592732689,0.7684649448330384,0.8573764036841115,0.7922146528406808,0.7957993226109118,0.7787109800432167,0.8294517742973301,0.7166185272110364,0.7863386118244876,0.7810496847439432,0.30440777365910465,0.7728188887113446,0.7778207728926861,0.7029996402619939,0.711190203666715,0.5162011688725008,0.3983018436366556,0.5272992070164055,0.6780394175396096,0.6636595629116008,0.6516981085674753,0.6919280878563024,0.5732078032529243,0.740725582570489,0.6349391307502401,0.3978707809090262,0.48530530135290667,0.6778343894045653,0.6605251216217571,0.41217007397938255,0.6891548178271443,0.6516981085674753,0.6837068682032591,0.6634413615041201,0.48131095111188954,0.2636248650982481,0.711873237847515,0.49709581280096043,0.6214002245569394,0.5595897845152552,0.5694947974514992,0.6057651087272758,0.27084880165707464,0.504803184247341,0.24065547555594477,0.33461785960870627,0.3168376561996702,0.34033823739056385,0.1757499100654987,0.2914482543129825,0.12427395320024001,0.15220388682955233,0.12427395320024001,0.12427395320024001,0.17574991006549873
Cleft Lip,0.8326433452287759,0.8217377584649972,0.8602274863235996,0.8181110244922297,0.7839870574766962,0.8431866200931863,0.9022938501950121,0.8235765768699209,0.9005978296566834,0.8128511801446646,0.8015454895930322,0.8506434768752396,0.7997274121108879,1.0000000000000027,0.8538828610412678,0.8763484550179718,0.8569455249200668,0.8218002701618723,0.8531511614816539,0.8390039096028988,0.8269398072963886,0.8327235802919962,0.8548555946237928,0.8360786581159281,0.860962566844922,0.8208512602438083,0.8159239699254651,0.8148166868658616,0.8332101675307483,0.8847216781665493,0.8282709765885421,0.8073066954236726,0.8190251150223877,0.731308269936034,0.8431546307406822,0.8565417408100072,0.8040302522073721,0.8685293248085647,0.8371080530215123,0.9243783436291603,0.8660167311719281,0.8264853002082391,0.8889705028708457,0.8744928320272967,0.8591651519784036,0.8647488649853151,0.8056052395193198,0.8468991233887331,0.8784713466340831,0.3283947887145926,0.876435554108566,0.8836473599338615,0.827340303992031,0.8305903885294906,0.5988238830669537,0.4796512894563343,0.6035617173410581,0.7260176335861807,0.7343130710225091,0.7460477618788068,0.7814754073652701,0.6209312529175346,0.8478556363176777,0.7270460990140456,0.4682428183094706,0.5711420213538395,0.7642062186116905,0.756715552834837,0.4740469034801052,0.7652618299962447,0.7460477618788068,0.7462342475615679,0.7533893145222635,0.5475598112357868,0.3102526139970116,0.843898596104464,0.5575952233969369,0.7023455661761913,0.6036848758616957,0.6542645748812063,0.6982086175288389,0.3187542596968178,0.5940885257860047,0.2832205920185104,0.39380225228373583,0.3728772360376538,0.40053440237591437,0.2068350759980076,0.3429971702850177,0.14625448482542613,0.17912443020795968,0.14625448482542613,0.14625448482542613,0.20683507599800766
Adenoma,0.8315124678433486,0.9162840530575275,0.8393019909945463,0.8521035454260599,0.8685499526722645,0.8530089452146588,0.8436766503519745,0.8674888038915836,0.8743904777865658,0.8975562319388528,0.887604610898764,0.7786506844866986,0.8876879032192196,0.8538828610412678,1.0000000000000013,0.7919613090614027,0.7856684446313144,0.8955500502145894,0.9176081560951784,0.8541398015803129,0.8331305847627847,0.780235650940241,0.8753760408348848,0.8755277949559426,0.8395719751020286,0.8455587530522143,0.8567729286320958,0.8204970145981036,0.8356190445537296,0.8322596606583147,0.8450125202588158,0.8040984223880664,0.8349799335084083,0.6329830179736036,0.8177543214240245,0.7793554480304047,0.7857902247362563,0.8264185980853688,0.8258628220421937,0.8342315819285065,0.836088361661527,0.8865239498086291,0.8075080231108268,0.7951856148770514,0.802180164662195,0.8707772846757537,0.7186363059767624,0.8055035971715587,0.7732568817830773,0.31957418477478455,0.8162399048104829,0.8354542095260318,0.7207275062725687,0.7238259382998509,0.5419196945573357,0.418146308960631,0.5384043470692549,0.7234903578295551,0.7145896010104958,0.6779477507925247,0.726401799604109,0.6222813210704552,0.7776305162853091,0.6605683332550741,0.41769376953263637,0.5011323069984055,0.7056260336821301,0.6872976671162914,0.4327054917067634,0.7234903578295551,0.6779477507925247,0.7351364036115304,0.6903861760216558,0.5052911526399116,0.2767593624086655,0.7800709187617987,0.49740015570325014,0.6588190595235466,0.6084511204340459,0.5836335889580726,0.6293898061189269,0.2843432148474573,0.5299538317908343,0.25264557631995577,0.3391759899585221,0.33262335737638815,0.35729480050524803,0.18450624160577703,0.3059689874425115,0.13046561461068845,0.15978709238739228,0.13046561461068845,0.13046561461068845,0.18450624160577705
Agranulocytosis,0.9086652227427745,0.8157554501229971,0.904107321110109,0.7734696943631095,0.7358860232418203,0.7870861581296064,0.8791112902690876,0.7774676360394646,0.8367177355366634,0.7529849498784277,0.7697160203425387,0.8575227256510356,0.7835779236684868,0.8763484550179718,0.7919613090614027,0.9999999999999979,0.8222567255916131,0.7565169738798145,0.8198126043207307,0.7869541272996716,0.7919459937571943,0.9240076263027506,0.8181067991686873,0.7689770927926766,0.904987293417252,0.8059403683279657,0.759070707227267,0.8192015058343594,0.8290763176179986,0.8614716397579592,0.7698872787370297,0.790431463838761,0.8145908679874776,0.7755434100663814,0.8909745459889574,0.8990867729468843,0.8611908180451131,0.868256941613356,0.902558086417876,0.8569241222862537,0.821909939204388,0.841794780276074,0.8824987354482853,0.8701899215468939,0.8834355828220845,0.8523552811751155,0.8359128447549756,0.8770706797428195,0.9222302634641274,0.3517412136650937,0.8383747855781105,0.8387861089929772,0.8861580409947398,0.896482560675384,0.6599869863004042,0.5020747682745758,0.6373652448276492,0.7636206940734251,0.7507664795050896,0.7916181089011375,0.780761399755715,0.6322316407532977,0.8825506815596869,0.7571021739356575,0.47706645095140915,0.5916887227286358,0.7826349082413047,0.8031441012446848,0.5077481095754748,0.7986491662786281,0.821490490369105,0.7853853225174597,0.8362933116242683,0.6067109357092566,0.3323092653730268,0.8056442104600967,0.5874453374909683,0.7600325418650538,0.6214100763913385,0.6836857716066638,0.7635901802917998,0.34141531479697007,0.6363237976534617,0.3033554678546287,0.40725387959542597,0.3993860318714059,0.4290094168600512,0.19384707146759894,0.36738171586699053,0.15665208999759145,0.19185884381732382,0.15665208999759148,0.15665208999759148,0.22153951024868448
Astrocytoma,0.7925617867208068,0.7694861565103676,0.813700476884449,0.7527543243633246,0.6942086071175105,0.7653425531807062,0.8589355607171096,0.7663457709704132,0.8028837221403248,0.7236579827440545,0.7330731168723622,0.7919512423622199,0.7332121390916106,0.8569455249200668,0.7856684446313144,0.8222567255916131,1.0000000000000018,0.7217382740396127,0.8137884587711578,0.7701510353724943,0.7524404024384287,0.8400186672889133,0.8443638711889349,0.7483820454176439,0.8033864296125626,0.7666667523617525,0.7263935989410717,0.7843750165673892,0.773605054438543,0.7936092026144849,0.7575155674956895,0.7495872449089025,0.7703864076366963,0.6929627529413336,0.8249442246525076,0.851519113418414,0.7763325904819731,0.7966577405453389,0.8081801844107724,0.7880563578030837,0.7990479117643923,0.7786798656466761,0.796250583441474,0.8287638833025903,0.8541271413122182,0.8265378792329501,0.8124612026358966,0.7801840702569276,0.8222174769149893,0.3654505218018024,0.7974409703193651,0.7595992950724622,0.7768377058253901,0.7892214082384474,0.5891314220768684,0.4852496834978926,0.5959862166454512,0.7569895062567139,0.7205973117152276,0.7836760195081103,0.7673437900983636,0.6227499341892478,0.8172802578476648,0.7416614694884933,0.4956603794525093,0.5418136629695891,0.7385386704838812,0.7655477856157534,0.4661962595713209,0.7861044872665875,0.7991943565280728,0.7510053056254257,0.8002918603197023,0.5463101190137933,0.3260800246674471,0.775797469991039,0.5594795654051717,0.7090781658004344,0.5932815090013248,0.6570578421143377,0.6952049484835489,0.3173829900234442,0.6410907822842583,0.31517891481565,0.3929034799458399,0.398992618385648,0.43087261937611615,0.2014023681769526,0.3817006212182664,0.16275769175423188,0.16611387354627388,0.16275769175423188,0.16275769175423188,0.23017413505937437
Atherosclerosis,0.7873659394005766,0.853256123830646,0.7815693847008259,0.9225749227067539,0.924349123268959,0.9273745626708249,0.7991886979124821,0.9237719669414026,0.8597096744486363,0.952611845087425,0.9298681185930329,0.762037330918993,0.9323144722218618,0.8218002701618723,0.8955500502145894,0.7565169738798145,0.7217382740396127,0.9999999999999939,0.8828371276820728,0.9292634998283575,0.9010854934207522,0.7265660086239155,0.8193638947627737,0.9398635772600955,0.7951472884268926,0.8929230339419083,0.921774645282109,0.8761751330325053,0.8887175325906295,0.8061900936916819,0.9292385433439199,0.8886706947897282,0.8909365508718166,0.613501233770266,0.7474019787461784,0.7636938734095784,0.7317385029949639,0.8089253182740087,0.7736597661570646,0.8082808970833862,0.7831298902858219,0.8466028857797627,0.7789790246408841,0.7732940310179621,0.7517590054906333,0.8020656958517939,0.6901164848108091,0.7547548429916271,0.7442306159237041,0.29759181038606564,0.7967246772496012,0.7867770838748358,0.6818896375952463,0.6846512683325119,0.511852146548395,0.39843893827771826,0.5225540456520318,0.6465577316597514,0.643254333651457,0.6255222574770055,0.6764351969300223,0.5540052891691513,0.7290999354458587,0.626314366280001,0.38896209701605805,0.4744388800704563,0.6626570690363994,0.6457353712951607,0.4029412160802565,0.6628575064074761,0.6197303847225888,0.6522271370116008,0.6315182530556915,0.47053396691646027,0.25772206775253453,0.7264126077875902,0.4859653913846289,0.613501233770266,0.5405474471358473,0.5567432977872268,0.6044118241203846,0.264784253887974,0.4935001878665841,0.23526698345823,0.3271254653962315,0.30974337670012253,0.3327177587852354,0.1718147118350231,0.2849224663099034,0.1214913478461574,0.14879590519303287,0.1214913478461574,0.1214913478461574,0.17181471183502312
Carcinoma,0.8115968572446876,0.8953132475079784,0.808736084303185,0.8541666666666649,0.8569004209869664,0.854581124358439,0.8424000324134533,0.865347277647053,0.8663935942066443,0.8652121461015947,0.8693182879212253,0.7754916396951,0.8823450677217067,0.8531511614816539,0.9176081560951784,0.8198126043207307,0.8137884587711578,0.8828371276820728,1.0000000000000018,0.8556289150888559,0.8337049318979689,0.7973857359718676,0.8623373649530357,0.8574902770816585,0.8287754140107495,0.832964203960391,0.8203487041414926,0.8157458729160958,0.8180291664554022,0.8261120812869552,0.8418882910093289,0.8037120809545993,0.8311111111111118,0.653497378364606,0.7996173402852763,0.801691977694846,0.7491655973344491,0.8109924125101983,0.8086379131508316,0.8229996816627559,0.7895067124089719,0.9245003270420503,0.8104325862161392,0.8383815347940358,0.8250343406539837,0.8560619751298166,0.74017015060853,0.7823042886243161,0.795557284175731,0.31299035602229497,0.8140806303599591,0.7814605737158146,0.7306770072260975,0.7397361013063471,0.553831440490465,0.4472135954999579,0.5657385085532537,0.6857275130999368,0.6755244875897041,0.6992058987801001,0.7423685817106704,0.5730623774079823,0.7838367176906186,0.6750880531254374,0.4268749491621902,0.5036117277360574,0.721136150995526,0.7024049150597536,0.44221663871405364,0.739393144559932,0.6992058987801001,0.6980537874073438,0.7118052168020887,0.5077911498360838,0.282842712474619,0.7581927557397647,0.5166666666666673,0.666699345604295,0.5574985181156529,0.6110100926607782,0.6365239496641681,0.2905932629027116,0.5416025603090632,0.2581988897471611,0.34663129793049674,0.339934634239519,0.36514837167011094,0.18856180831641264,0.31269438398822863,0.13333333333333333,0.16329931618554522,0.13333333333333333,0.13333333333333333,0.18856180831641262
Coronary Artery Disease,0.7937620406123003,0.8349867213266876,0.8054013660505358,0.931792852606233,0.8854756434923465,0.960352864702778,0.82870637726214,0.9568657940329361,0.846809798439942,0.9074601402804774,0.9105758211137958,0.7885122642101002,0.9223529088965948,0.8390039096028988,0.8541398015803129,0.7869541272996716,0.7701510353724943,0.9292634998283575,0.8556289150888559,0.9999999999999978,0.948593146787347,0.7593717293065217,0.8519065931144679,0.958602586538819,0.8153032341903875,0.9528185269284535,0.9464102827583744,0.9438092691549764,0.93522036311145,0.8412562731444634,0.9789116676104673,0.9351103806213085,0.9290920037581006,0.648235497465742,0.7925202591056848,0.804797691119881,0.7546199771644911,0.811861814837835,0.7960711989580358,0.8289571460257714,0.8210852016194101,0.8224906009330064,0.8072073527955719,0.8001600480160088,0.7971083741035383,0.8323538398058464,0.7475658184884472,0.7904678029519681,0.7941521186087008,0.3175536744149779,0.7866491244003163,0.7973403808111731,0.7161707008032915,0.7249129251972032,0.5384934029192677,0.4251654261451285,0.5500707117016003,0.6899275324264122,0.6804852857260282,0.6798418006783502,0.7218091183694916,0.5843718356755213,0.7727139410764485,0.6504246856909424,0.4150528973071084,0.5062632921794781,0.7071067811865476,0.6890500097717034,0.42996970774675786,0.7189160842090344,0.6736614206721834,0.6959772301613503,0.6860212038575181,0.493728171165877,0.2750095491084634,0.7534567067015087,0.51046043229733,0.6546536707079771,0.5698568164620236,0.5940885257860044,0.618895791453665,0.28254545257906594,0.5186243581375423,0.25104822262671694,0.349068387992666,0.3305203435175988,0.3550358012483633,0.18333969940564224,0.30403449605253013,0.12964074471043288,0.15877683720748897,0.12964074471043288,0.12964074471043288,0.18333969940564226
Endometriosis,0.7955087224690865,0.8295209649961568,0.7971637117039332,0.9229512710173611,0.8665047979001965,0.9469554171724001,0.8108683346381841,0.9438482324324087,0.8508965329965886,0.8872762777157026,0.9218668344494969,0.7788313948494554,0.9299902950852493,0.8269398072963886,0.8331305847627847,0.7919459937571943,0.7524404024384287,0.9010854934207522,0.8337049318979689,0.948593146787347,1.0000000000000013,0.768372404068089,0.8328201267945107,0.9175904244841127,0.8123467518735112,0.9644539699627891,0.9330413858914134,0.9549006489468016,0.9373045518980773,0.8535468363963193,0.9482741105875293,0.950604769407536,0.9401353487360081,0.6718090752798137,0.8029937096762713,0.7947220944613268,0.7690172868560031,0.8091961923369954,0.8169324941698166,0.8310113207842159,0.7877580796698421,0.8255951707567396,0.7790533033123781,0.8262605458785482,0.8127866778034364,0.830036951832036,0.7328057456775762,0.7958769337662659,0.77791934536775,0.32587526795614113,0.8122775702717212,0.7893560552605894,0.7231791675698885,0.7264741167462434,0.5526047912757311,0.4263909507379228,0.5490201312524423,0.6901583760781247,0.6922452887690945,0.6786302516861593,0.7347507690021449,0.5927123957294523,0.7766693886288046,0.6735928396548744,0.4259294885348274,0.5195300803849365,0.7256367359542715,0.7071067811865459,0.44123719866612027,0.719906581943561,0.672287912885354,0.7024103161594583,0.6853083760272205,0.515254039929545,0.28221626051507925,0.7509508793651255,0.5155223315592476,0.6520499848304073,0.5776585063991163,0.6096568017575152,0.6351141495951731,0.2899496446974492,0.5322150719496811,0.2576270199647724,0.3582158344780372,0.3391817326856072,0.3643396256679453,0.1646261519671295,0.31200181528856985,0.13303802104754786,0.16293763397807054,0.13303802104754786,0.13303802104754786,0.18814417367671943
